Month	Day	Year	B1	B2	B3	B4	BonusBall
5	18	2001	9	10	13	22	1
5	22	2001	4	23	30	34	13
5	25	2001	3	18	29	33	17
5	29	2001	17	23	28	35	20
6	1	2001	4	11	16	28	31
6	5	2001	4	28	32	34	20
6	8	2001	2	3	4	33	29
6	12	2001	6	10	21	31	21
6	15	2001	7	20	24	25	35
6	19	2001	16	23	25	30	25
6	22	2001	8	20	21	31	4
6	26	2001	3	17	23	28	22
6	29	2001	9	15	30	33	28
7	3	2001	8	11	26	27	11
7	6	2001	2	4	6	14	35
7	10	2001	12	18	22	32	2
7	13	2001	14	19	23	32	9
7	17	2001	6	9	20	27	29
7	20	2001	10	12	16	35	11
7	24	2001	1	16	18	19	5
7	27	2001	2	21	30	33	6
7	31	2001	11	16	17	30	33
8	3	2001	2	8	11	12	20
8	7	2001	3	9	11	28	24
8	10	2001	8	16	17	18	35
8	14	2001	3	9	19	30	19
8	17	2001	1	5	15	18	15
8	21	2001	2	3	7	31	20
8	24	2001	11	22	26	27	21
8	28	2001	9	26	28	32	3
8	31	2001	2	16	32	34	13
9	4	2001	1	11	17	25	17
9	7	2001	5	14	26	28	24
9	11	2001	8	9	16	17	35
9	14	2001	3	17	22	31	5
9	18	2001	9	18	19	25	10
9	21	2001	1	5	24	25	7
9	25	2001	4	6	9	35	32
9	28	2001	5	14	22	29	11
10	2	2001	2	6	20	30	13
10	5	2001	22	25	28	34	32
10	9	2001	3	14	25	27	13
10	12	2001	6	17	28	33	16
10	16	2001	2	15	18	33	9
10	19	2001	12	17	18	23	6
10	23	2001	15	30	33	34	31
10	26	2001	4	23	25	27	16
10	30	2001	6	16	17	20	23
11	2	2001	16	23	31	35	11
11	6	2001	12	25	28	31	6
11	9	2001	1	14	15	35	24
11	13	2001	17	18	24	26	32
11	16	2001	10	11	18	26	15
11	20	2001	11	21	33	34	35
11	23	2001	4	8	18	21	19
11	27	2001	3	12	17	18	5
11	30	2001	3	8	20	26	14
12	4	2001	7	9	10	32	34
12	7	2001	3	8	17	27	20
12	11	2001	3	6	21	26	33
12	14	2001	11	12	16	29	33
12	18	2001	10	25	28	34	28
12	21	2001	1	3	5	20	30
12	25	2001	2	14	17	22	19
12	28	2001	2	18	24	27	17
1	1	2002	8	15	23	25	25
1	4	2002	16	19	22	28	7
1	8	2002	15	18	22	30	28
1	11	2002	2	3	24	30	3
1	15	2002	3	19	24	32	26
1	18	2002	11	22	23	27	32
1	22	2002	18	24	29	32	6
1	25	2002	3	24	29	35	9
1	29	2002	1	3	17	34	5
2	1	2002	10	16	18	29	2
2	5	2002	13	14	26	29	16
2	8	2002	7	16	33	35	10
2	12	2002	16	17	18	21	5
2	15	2002	23	25	27	32	25
2	19	2002	4	10	23	33	25
2	22	2002	3	18	33	35	15
2	26	2002	11	23	31	33	18
3	1	2002	6	7	8	35	3
3	5	2002	5	29	31	35	18
3	8	2002	11	28	32	33	20
3	12	2002	5	20	26	35	2
3	15	2002	3	14	21	30	12
3	19	2002	22	26	29	34	22
3	22	2002	4	6	19	25	32
3	26	2002	2	17	27	28	16
3	29	2002	6	12	20	28	34
4	2	2002	3	5	19	20	32
4	5	2002	2	5	25	30	3
4	9	2002	1	5	10	13	22
4	12	2002	8	10	12	16	33
4	16	2002	7	13	28	32	6
4	19	2002	13	18	20	22	19
4	23	2002	4	9	15	27	33
4	26	2002	3	4	12	19	23
4	30	2002	3	14	17	18	3
5	3	2002	4	6	14	26	28
5	7	2002	21	22	26	33	27
5	10	2002	19	20	31	35	23
5	14	2002	16	25	26	27	21
5	17	2002	12	25	27	34	2
5	21	2002	1	14	23	34	10
5	24	2002	5	14	18	31	8
5	28	2002	5	10	21	28	15
5	31	2002	6	11	33	35	9
6	4	2002	10	20	23	30	3
6	7	2002	9	12	28	33	15
6	11	2002	20	30	32	33	18
6	14	2002	6	9	13	32	21
6	18	2002	11	13	20	24	20
6	21	2002	9	10	15	35	4
6	25	2002	6	10	16	35	23
6	28	2002	3	4	28	30	1
7	2	2002	7	11	12	30	13
7	5	2002	6	18	19	26	11
7	9	2002	8	13	19	29	30
7	12	2002	3	4	25	33	25
7	16	2002	7	19	22	23	17
7	19	2002	12	16	20	21	19
7	23	2002	13	14	30	35	19
7	26	2002	18	27	30	34	2
7	30	2002	12	17	18	28	18
8	2	2002	17	27	31	35	20
8	6	2002	15	23	25	35	18
8	9	2002	4	5	15	29	4
8	13	2002	13	20	31	33	7
8	16	2002	3	7	12	34	10
8	20	2002	3	22	26	30	29
8	23	2002	11	25	28	29	25
8	27	2002	26	31	33	35	8
8	30	2002	6	11	21	31	6
9	3	2002	3	12	33	35	17
9	6	2002	6	7	14	31	2
9	10	2002	7	10	23	28	12
9	13	2002	15	17	33	35	20
9	17	2002	6	16	24	29	7
9	20	2002	5	10	24	30	29
9	24	2002	15	16	19	22	4
9	27	2002	15	16	22	30	22
10	1	2002	15	25	30	33	30
10	4	2002	7	22	28	34	30
10	8	2002	1	5	8	18	17
10	11	2002	4	16	23	34	5
10	15	2002	9	16	18	24	15
10	18	2002	8	15	19	35	5
10	22	2002	5	7	26	30	35
10	25	2002	1	9	19	27	24
10	29	2002	3	9	13	32	7
11	1	2002	6	10	18	30	28
11	5	2002	2	7	19	33	32
11	8	2002	7	12	15	34	11
11	12	2002	9	11	13	14	1
11	15	2002	10	13	23	28	13
11	19	2002	15	18	21	28	29
11	22	2002	2	4	13	16	17
11	26	2002	4	25	30	33	9
11	29	2002	5	23	30	33	13
12	3	2002	2	25	27	32	17
12	6	2002	2	7	8	10	25
12	10	2002	4	16	22	33	10
12	13	2002	7	8	10	27	30
12	17	2002	4	16	26	30	33
12	20	2002	4	9	20	24	20
12	24	2002	3	7	12	24	19
12	27	2002	3	4	22	26	29
12	31	2002	2	13	30	31	32
1	3	2003	14	18	23	24	27
1	7	2003	2	13	23	34	13
1	10	2003	4	10	17	32	24
1	14	2003	18	20	23	30	31
1	17	2003	11	18	22	27	9
1	21	2003	4	15	20	33	11
1	24	2003	3	5	9	26	20
1	28	2003	1	5	11	24	7
1	31	2003	9	19	28	30	30
2	4	2003	12	19	21	27	24
2	7	2003	10	24	25	31	14
2	11	2003	7	8	16	35	26
2	14	2003	6	7	13	27	23
2	18	2003	11	12	21	29	31
2	21	2003	14	23	28	34	4
2	25	2003	15	26	29	30	28
2	28	2003	1	19	20	21	12
3	4	2003	7	10	16	19	32
3	7	2003	22	26	29	30	4
3	11	2003	2	7	30	34	33
3	14	2003	17	23	32	35	17
3	18	2003	1	23	25	32	3
3	21	2003	10	24	28	35	26
3	25	2003	4	12	27	33	24
3	28	2003	5	8	29	30	29
4	1	2003	4	6	13	29	13
4	4	2003	3	23	31	35	4
4	8	2003	15	20	28	32	30
4	11	2003	7	18	21	29	17
4	15	2003	20	23	26	29	27
4	18	2003	3	10	31	34	22
4	22	2003	8	12	25	30	2
4	25	2003	5	7	9	10	34
4	29	2003	3	10	11	25	35
5	2	2003	8	16	29	34	21
5	6	2003	7	14	29	30	23
5	9	2003	5	7	9	14	25
5	13	2003	4	13	21	22	31
5	16	2003	15	20	25	35	30
5	20	2003	16	24	30	34	11
5	23	2003	1	14	24	27	7
5	27	2003	9	11	27	34	25
5	30	2003	1	2	21	33	11
6	3	2003	2	6	17	20	2
6	6	2003	13	22	26	33	25
6	10	2003	1	9	12	20	24
6	13	2003	1	11	21	26	28
6	17	2003	3	17	20	26	11
6	20	2003	3	10	17	24	17
6	24	2003	14	18	23	24	18
6	27	2003	4	7	10	22	17
7	1	2003	1	12	13	35	17
7	4	2003	10	19	31	35	23
7	8	2003	1	16	21	32	23
7	11	2003	1	6	11	34	19
7	15	2003	10	25	26	32	21
7	18	2003	10	15	31	33	2
7	22	2003	6	12	15	23	15
7	25	2003	3	9	31	35	31
7	29	2003	7	10	17	28	10
8	1	2003	7	11	20	33	4
8	5	2003	1	10	19	35	25
8	8	2003	1	16	30	31	13
8	12	2003	11	17	23	35	26
8	15	2003	7	28	34	35	1
8	19	2003	6	9	15	24	26
8	22	2003	11	24	28	31	21
8	26	2003	5	21	24	25	29
8	29	2003	12	26	27	29	26
9	2	2003	9	16	27	34	31
9	5	2003	1	8	16	25	9
9	9	2003	15	16	22	24	29
9	12	2003	6	12	26	35	2
9	16	2003	6	9	10	32	9
9	19	2003	5	6	14	19	4
9	23	2003	1	19	29	32	12
9	26	2003	2	10	19	20	8
9	30	2003	12	25	26	27	7
10	3	2003	1	11	16	34	16
10	7	2003	5	11	19	34	20
10	10	2003	13	30	31	32	29
10	14	2003	16	20	22	25	8
10	17	2003	4	18	29	32	16
10	21	2003	6	12	21	27	32
10	24	2003	5	13	21	24	28
10	28	2003	11	19	27	30	17
10	31	2003	6	7	33	35	17
11	4	2003	6	14	22	24	22
11	7	2003	1	11	28	33	20
11	11	2003	14	17	26	34	6
11	14	2003	19	26	27	28	12
11	18	2003	4	20	26	31	10
11	21	2003	2	4	10	31	15
11	25	2003	1	5	22	31	17
11	28	2003	19	23	26	29	11
12	2	2003	11	16	20	24	6
12	5	2003	4	13	30	32	29
12	9	2003	1	6	11	29	33
12	12	2003	10	13	14	35	26
12	16	2003	3	25	34	35	17
12	19	2003	12	25	31	32	16
12	23	2003	6	9	21	32	20
12	26	2003	2	10	12	32	10
12	30	2003	10	13	23	26	17
1	2	2004	9	10	17	26	34
1	6	2004	2	17	29	34	2
1	9	2004	3	4	11	20	23
1	13	2004	7	8	21	24	9
1	16	2004	20	24	29	33	6
1	20	2004	5	22	24	29	34
1	23	2004	1	11	15	22	32
1	27	2004	6	10	15	31	9
1	30	2004	2	17	27	30	33
2	3	2004	6	7	13	14	2
2	6	2004	3	4	7	30	2
2	10	2004	10	19	26	32	3
2	13	2004	2	9	14	18	24
2	17	2004	4	12	14	26	20
2	20	2004	6	8	17	23	29
2	24	2004	7	15	26	34	20
2	27	2004	3	10	14	35	31
3	2	2004	4	8	10	26	34
3	5	2004	14	15	21	28	25
3	9	2004	4	5	15	22	13
3	12	2004	5	17	31	32	20
3	16	2004	2	8	18	30	25
3	19	2004	2	6	15	21	1
3	23	2004	4	11	19	32	35
3	26	2004	7	9	20	25	6
3	30	2004	7	12	23	27	33
4	2	2004	11	16	21	26	11
4	6	2004	7	15	19	25	29
4	9	2004	1	4	6	14	8
4	13	2004	2	18	23	30	1
4	16	2004	5	6	24	28	31
4	20	2004	1	2	11	27	13
4	23	2004	15	20	30	31	20
4	27	2004	6	13	25	35	34
4	30	2004	1	15	19	34	26
5	4	2004	17	27	30	31	4
5	7	2004	2	18	20	31	5
5	11	2004	8	21	24	35	26
5	14	2004	6	17	27	33	35
5	18	2004	3	4	5	32	23
5	21	2004	19	22	23	33	11
5	25	2004	15	17	24	34	14
5	28	2004	10	11	16	27	28
6	1	2004	12	13	16	26	32
6	4	2004	3	8	17	24	24
6	8	2004	7	9	22	28	10
6	11	2004	12	25	31	33	15
6	15	2004	15	16	17	24	4
6	18	2004	5	6	18	26	3
6	22	2004	14	18	21	22	19
6	25	2004	1	8	11	13	33
6	28	2004	7	11	14	15	31
7	1	2004	18	29	30	34	26
7	5	2004	14	23	27	35	19
7	8	2004	16	23	29	35	3
7	12	2004	9	20	28	31	1
7	15	2004	3	9	22	27	28
7	19	2004	12	13	25	33	15
7	22	2004	1	4	23	28	27
7	26	2004	6	24	25	33	9
7	29	2004	15	20	22	28	1
8	2	2004	3	27	32	33	26
8	5	2004	13	20	30	31	19
8	9	2004	8	19	23	35	18
8	12	2004	1	2	28	35	3
8	16	2004	7	10	25	27	8
8	19	2004	9	19	21	33	32
8	23	2004	1	18	24	35	23
8	26	2004	1	18	24	31	28
8	30	2004	9	11	16	19	32
9	2	2004	8	20	23	30	15
9	6	2004	16	17	30	32	19
9	9	2004	3	6	31	32	26
9	13	2004	8	11	22	35	17
9	16	2004	4	13	15	31	34
9	20	2004	2	4	16	24	28
9	23	2004	16	20	28	33	16
9	27	2004	2	10	19	29	21
9	30	2004	7	19	27	32	19
10	4	2004	4	13	18	24	22
10	7	2004	1	4	27	34	3
10	11	2004	6	20	24	31	1
10	14	2004	2	12	24	34	5
10	18	2004	9	18	26	35	14
10	21	2004	3	14	27	34	28
10	25	2004	1	5	28	32	35
10	28	2004	1	8	26	34	6
11	1	2004	1	5	30	34	27
11	4	2004	4	27	33	35	23
11	8	2004	5	14	22	34	17
11	11	2004	2	3	19	24	29
11	15	2004	5	11	17	20	10
11	18	2004	1	9	17	33	1
11	22	2004	12	16	25	30	15
11	25	2004	4	17	26	27	9
11	29	2004	17	22	25	29	15
12	2	2004	4	6	27	31	29
12	6	2004	1	4	19	24	7
12	9	2004	5	16	22	27	26
12	13	2004	2	12	31	33	21
12	16	2004	2	9	30	32	21
12	20	2004	8	19	22	34	25
12	23	2004	11	22	23	32	16
12	27	2004	4	6	18	35	2
12	30	2004	1	7	22	25	31
1	3	2005	1	2	3	30	21
1	6	2005	4	10	26	29	19
1	10	2005	6	10	25	29	10
1	13	2005	1	7	16	20	4
1	17	2005	1	8	17	24	21
1	20	2005	7	10	21	25	34
1	24	2005	2	5	6	32	26
1	27	2005	8	14	29	31	22
1	31	2005	3	12	27	32	9
2	3	2005	5	10	15	24	17
2	7	2005	10	11	16	28	17
2	10	2005	7	11	15	17	25
2	14	2005	24	26	30	32	11
2	17	2005	11	19	29	35	5
2	21	2005	2	9	16	27	33
2	24	2005	5	11	22	23	22
2	28	2005	6	13	21	26	19
3	3	2005	13	16	20	24	32
3	7	2005	5	17	22	24	19
3	10	2005	5	10	18	33	22
3	14	2005	4	8	16	24	13
3	17	2005	5	16	17	27	15
3	21	2005	7	17	22	23	23
3	24	2005	11	24	25	27	25
3	28	2005	1	7	12	17	5
3	31	2005	6	17	23	33	20
4	4	2005	5	11	15	27	33
4	7	2005	4	6	8	28	18
4	11	2005	2	24	26	34	23
4	14	2005	15	18	28	34	4
4	18	2005	1	14	21	31	25
4	21	2005	13	16	19	27	26
4	25	2005	1	6	7	10	27
4	28	2005	16	17	23	34	4
5	2	2005	3	13	26	34	11
5	5	2005	1	7	12	32	26
5	9	2005	6	7	17	21	19
5	12	2005	6	25	26	33	4
5	16	2005	1	4	8	29	35
5	19	2005	24	26	28	31	29
5	23	2005	2	3	6	33	3
5	26	2005	3	14	20	23	29
5	30	2005	4	8	13	24	23
6	2	2005	12	13	23	24	7
6	6	2005	1	18	20	35	21
6	9	2005	6	19	28	34	29
6	13	2005	5	7	19	33	6
6	16	2005	9	10	18	27	10
6	20	2005	2	11	27	30	1
6	23	2005	9	15	16	30	16
6	27	2005	8	21	23	32	32
6	30	2005	12	17	30	32	5
7	4	2005	1	8	15	23	14
7	7	2005	3	22	24	35	14
7	11	2005	5	10	16	27	8
7	14	2005	12	18	24	34	9
7	18	2005	2	14	24	28	28
7	21	2005	19	21	27	29	8
7	25	2005	1	11	19	35	35
7	28	2005	3	17	21	23	21
8	1	2005	30	31	32	33	9
8	4	2005	14	20	27	33	9
8	8	2005	2	16	21	28	25
8	11	2005	3	4	14	29	28
8	15	2005	4	9	20	28	7
8	18	2005	5	15	20	32	28
8	22	2005	13	16	26	27	20
8	25	2005	5	28	29	34	8
8	29	2005	1	19	27	33	7
9	1	2005	10	17	27	32	13
9	5	2005	2	5	20	35	4
9	8	2005	5	8	12	20	7
9	12	2005	4	17	18	27	21
9	15	2005	2	8	12	22	5
9	19	2005	20	26	27	31	20
9	22	2005	15	16	30	35	5
9	26	2005	1	6	16	27	3
9	29	2005	8	23	27	35	14
10	3	2005	2	7	17	34	21
10	6	2005	7	17	19	21	18
10	10	2005	2	6	11	19	30
10	13	2005	8	25	30	35	34
10	17	2005	6	7	11	29	14
10	20	2005	2	22	28	33	16
10	24	2005	1	5	9	29	24
10	27	2005	2	13	17	23	23
10	31	2005	2	7	8	27	29
11	3	2005	8	9	15	19	3
11	7	2005	2	14	23	32	21
11	10	2005	3	4	25	28	30
11	14	2005	4	18	27	35	19
11	17	2005	4	6	11	22	21
11	21	2005	15	17	31	35	33
11	24	2005	11	16	27	31	15
11	28	2005	13	19	22	30	4
12	1	2005	9	16	26	29	21
12	5	2005	17	21	22	35	14
12	8	2005	8	17	19	35	34
12	12	2005	3	8	14	19	18
12	15	2005	2	12	22	24	11
12	19	2005	1	10	21	30	21
12	22	2005	6	9	11	14	12
12	26	2005	4	15	16	19	20
12	29	2005	16	21	26	30	21
1	2	2006	10	20	23	26	22
1	5	2006	5	19	22	26	12
1	9	2006	11	17	28	34	34
1	12	2006	3	7	29	30	16
1	16	2006	4	29	32	34	30
1	19	2006	6	12	18	30	19
1	23	2006	2	4	14	31	7
1	26	2006	17	18	20	28	14
1	30	2006	3	14	18	25	35
2	2	2006	7	10	21	34	18
2	6	2006	11	16	20	25	4
2	9	2006	19	24	27	32	20
2	13	2006	5	6	27	31	3
2	16	2006	6	17	33	34	21
2	20	2006	1	3	28	30	31
2	23	2006	16	30	33	34	29
2	27	2006	11	14	29	30	17
3	2	2006	3	22	24	32	24
3	6	2006	7	23	27	31	24
3	9	2006	5	8	17	34	23
3	13	2006	1	15	22	23	11
3	16	2006	4	30	32	35	8
3	20	2006	3	8	22	25	3
3	23	2006	3	4	14	27	4
3	27	2006	4	14	31	32	11
3	30	2006	1	7	23	32	35
4	3	2006	15	22	25	34	29
4	6	2006	1	26	29	31	29
4	10	2006	8	19	22	26	4
4	13	2006	3	15	26	29	2
4	17	2006	20	23	24	30	16
4	20	2006	9	18	27	29	34
4	24	2006	7	16	26	32	12
4	27	2006	12	22	24	27	24
5	1	2006	12	13	27	28	30
5	4	2006	12	25	30	33	7
5	8	2006	2	5	12	13	16
5	11	2006	3	5	22	32	14
5	15	2006	23	24	26	31	28
5	18	2006	2	3	9	28	3
5	22	2006	1	18	27	29	33
5	25	2006	12	13	33	34	22
5	29	2006	17	22	27	35	35
6	1	2006	15	27	28	31	5
6	5	2006	12	27	30	32	2
6	8	2006	15	21	26	33	24
6	12	2006	5	6	24	33	34
6	15	2006	12	15	22	32	26
6	19	2006	6	10	25	35	1
6	22	2006	17	21	28	34	21
6	26	2006	17	26	27	33	16
6	29	2006	13	19	29	30	27
7	3	2006	13	30	33	35	15
7	6	2006	2	9	24	32	28
7	10	2006	5	27	31	34	3
7	13	2006	2	3	20	28	5
7	17	2006	3	5	17	20	32
7	20	2006	6	14	34	35	9
7	24	2006	15	16	21	35	16
7	27	2006	8	17	24	29	20
7	31	2006	15	16	18	24	34
8	3	2006	13	21	23	32	1
8	7	2006	6	13	25	27	34
8	10	2006	9	18	27	35	9
8	14	2006	7	11	23	24	27
8	17	2006	19	24	29	33	17
8	21	2006	8	13	18	27	14
8	24	2006	9	12	23	24	30
8	28	2006	4	6	25	32	32
8	31	2006	1	9	15	33	35
9	4	2006	2	3	17	22	13
9	7	2006	2	22	23	26	15
9	11	2006	2	7	24	25	2
9	14	2006	2	5	11	30	11
9	18	2006	12	18	20	33	30
9	21	2006	20	21	34	35	32
9	25	2006	3	23	25	29	28
9	28	2006	1	3	29	35	21
10	2	2006	6	20	28	31	23
10	5	2006	4	10	31	35	24
10	9	2006	10	28	31	34	18
10	12	2006	4	5	27	31	6
10	16	2006	4	14	22	27	8
10	19	2006	13	20	22	33	1
10	23	2006	15	21	25	33	13
10	26	2006	6	9	11	20	33
10	30	2006	4	10	18	20	13
11	2	2006	17	23	25	33	28
11	6	2006	17	18	25	33	14
11	9	2006	14	26	30	32	29
11	13	2006	1	2	12	34	14
11	16	2006	14	21	29	31	15
11	20	2006	9	17	30	33	27
11	23	2006	3	4	10	25	23
11	27	2006	3	19	23	30	27
11	30	2006	4	6	7	22	26
12	4	2006	2	24	25	29	31
12	7	2006	4	8	24	31	32
12	11	2006	6	10	24	26	17
12	14	2006	1	10	18	26	33
12	18	2006	7	13	30	33	31
12	21	2006	12	23	29	31	30
12	25	2006	1	3	11	34	13
12	28	2006	2	11	19	20	6
1	1	2007	14	19	21	26	29
1	4	2007	7	9	30	31	10
1	8	2007	1	6	9	13	19
1	11	2007	10	12	16	27	21
1	15	2007	3	10	18	26	32
1	18	2007	17	20	32	34	6
1	22	2007	2	11	17	20	11
1	25	2007	2	15	22	29	32
1	29	2007	9	19	21	32	28
2	1	2007	3	6	15	17	26
2	5	2007	13	17	29	31	9
2	8	2007	8	14	33	34	17
2	12	2007	2	17	23	35	28
2	15	2007	4	13	21	22	11
2	19	2007	6	10	17	24	21
2	22	2007	2	10	13	24	7
2	26	2007	8	16	23	27	20
3	1	2007	5	7	23	29	13
3	5	2007	4	16	25	28	25
3	8	2007	1	8	30	34	2
3	12	2007	2	16	17	24	5
3	15	2007	3	12	19	22	29
3	19	2007	17	18	21	30	13
3	22	2007	9	10	16	34	32
3	26	2007	15	20	26	31	14
3	29	2007	1	13	28	33	12
4	2	2007	2	20	24	28	11
4	5	2007	7	10	19	21	27
4	9	2007	3	5	6	7	7
4	12	2007	4	11	12	19	29
4	16	2007	5	10	18	31	15
4	19	2007	4	11	30	35	35
4	23	2007	14	27	30	32	5
4	26	2007	2	17	23	28	25
4	30	2007	2	6	9	18	18
5	3	2007	2	7	18	21	18
5	7	2007	17	26	28	33	18
5	10	2007	1	12	27	30	28
5	14	2007	4	13	16	30	12
5	17	2007	8	11	15	35	14
5	21	2007	5	8	21	32	23
5	24	2007	8	11	13	23	28
5	28	2007	2	12	30	35	8
5	31	2007	3	15	16	33	2
6	4	2007	6	22	33	34	18
6	7	2007	8	22	26	29	29
6	11	2007	12	16	21	32	16
6	14	2007	9	21	27	34	2
6	18	2007	17	21	29	31	17
6	21	2007	10	12	19	31	1
6	25	2007	6	17	25	29	18
6	28	2007	5	11	27	33	28
7	2	2007	9	14	18	33	10
7	5	2007	14	17	21	27	23
7	9	2007	8	13	18	33	19
7	12	2007	1	5	20	26	17
7	16	2007	4	19	32	34	21
7	19	2007	4	5	27	35	23
7	23	2007	9	18	24	28	1
7	26	2007	7	8	10	26	9
7	30	2007	12	13	31	33	20
8	2	2007	22	23	31	32	5
8	6	2007	12	23	25	32	15
8	9	2007	5	14	17	24	7
8	13	2007	1	14	16	26	5
8	16	2007	7	10	26	30	19
8	20	2007	8	27	29	31	1
8	23	2007	4	21	29	30	31
8	27	2007	6	12	20	28	26
8	30	2007	7	14	24	35	34
9	3	2007	5	9	15	22	30
9	6	2007	2	15	29	33	15
9	10	2007	3	14	18	20	10
9	13	2007	6	11	21	28	26
9	17	2007	18	19	22	30	1
9	20	2007	1	6	21	35	16
9	24	2007	9	13	16	20	29
9	27	2007	3	24	26	31	3
10	1	2007	6	19	32	35	13
10	4	2007	3	6	8	26	22
10	8	2007	1	6	15	16	2
10	11	2007	9	18	19	21	7
10	15	2007	1	14	17	28	10
10	18	2007	3	6	20	34	16
10	22	2007	6	21	25	27	18
10	25	2007	1	11	22	33	24
10	29	2007	14	22	33	34	7
11	1	2007	13	14	17	20	24
11	5	2007	5	26	27	33	22
11	8	2007	3	31	32	35	6
11	12	2007	1	8	16	26	11
11	15	2007	1	6	20	27	20
11	19	2007	10	18	24	35	10
11	22	2007	1	2	20	30	20
11	26	2007	3	11	32	33	32
11	29	2007	2	5	8	22	25
12	3	2007	11	16	19	27	32
12	6	2007	14	20	27	34	27
12	10	2007	23	26	29	31	14
12	13	2007	17	28	29	34	30
12	17	2007	3	9	27	30	32
12	20	2007	14	23	27	32	19
12	24	2007	4	12	20	22	22
12	27	2007	11	17	28	31	25
12	31	2007	3	9	11	12	5
1	3	2008	4	7	25	32	22
1	7	2008	16	23	25	35	26
1	10	2008	24	31	33	35	33
1	14	2008	10	19	23	33	28
1	17	2008	14	21	27	30	4
1	21	2008	1	2	4	19	6
1	24	2008	3	13	24	25	26
1	28	2008	4	7	20	35	4
1	31	2008	6	9	28	30	25
2	4	2008	21	24	26	30	25
2	7	2008	7	13	25	32	27
2	11	2008	4	18	21	25	29
2	14	2008	1	8	10	28	9
2	18	2008	2	15	23	24	31
2	21	2008	10	21	28	32	21
2	25	2008	5	12	29	34	3
2	28	2008	1	7	23	33	11
3	3	2008	15	20	29	35	18
3	6	2008	1	13	19	31	28
3	10	2008	13	19	25	28	30
3	13	2008	14	17	21	32	7
3	17	2008	7	13	19	27	14
3	20	2008	10	12	16	29	18
3	24	2008	22	23	32	34	22
3	27	2008	4	10	11	21	8
3	31	2008	5	23	32	34	15
4	3	2008	2	10	12	17	13
4	7	2008	10	12	16	32	23
4	10	2008	2	8	11	27	28
4	14	2008	6	19	25	33	25
4	17	2008	14	23	25	26	7
4	21	2008	13	14	16	27	20
4	24	2008	22	28	31	33	7
4	28	2008	4	20	25	29	9
5	1	2008	6	9	24	27	27
5	5	2008	6	14	21	33	29
5	8	2008	1	21	26	27	2
5	12	2008	20	21	24	29	1
5	15	2008	8	9	27	31	19
5	19	2008	2	14	19	25	11
5	22	2008	12	16	23	31	2
5	26	2008	1	14	22	34	23
5	29	2008	5	15	20	31	12
6	2	2008	4	7	12	33	6
6	5	2008	9	11	33	34	31
6	9	2008	2	9	11	28	8
6	12	2008	5	27	28	35	27
6	16	2008	10	19	20	28	23
6	19	2008	3	16	21	34	6
6	23	2008	13	17	26	32	30
6	26	2008	8	12	15	23	18
6	30	2008	4	5	22	27	10
7	3	2008	13	25	32	33	33
7	7	2008	6	8	31	32	6
7	10	2008	12	16	19	29	9
7	14	2008	3	7	14	18	28
7	17	2008	3	4	21	24	10
7	21	2008	7	12	14	32	26
7	24	2008	13	15	27	28	4
7	28	2008	11	12	22	33	3
7	31	2008	6	12	31	35	22
8	4	2008	2	3	11	30	17
8	7	2008	14	22	31	33	5
8	11	2008	3	6	29	33	33
8	14	2008	1	20	32	34	30
8	18	2008	20	22	29	35	3
8	21	2008	3	18	28	29	35
8	25	2008	1	6	12	19	34
8	28	2008	9	16	24	28	21
9	1	2008	12	14	15	17	26
9	4	2008	10	11	25	32	17
9	8	2008	3	27	33	35	29
9	11	2008	12	23	26	35	9
9	15	2008	16	28	29	31	4
9	18	2008	20	27	28	35	7
9	22	2008	17	29	30	32	11
9	25	2008	2	10	16	34	7
9	29	2008	11	15	21	31	20
10	2	2008	5	13	18	20	27
10	6	2008	13	19	28	33	25
10	9	2008	10	21	23	32	2
10	13	2008	4	7	16	30	10
10	16	2008	8	19	25	29	11
10	20	2008	6	7	21	30	1
10	23	2008	2	5	13	35	27
10	27	2008	19	21	25	34	26
10	30	2008	14	18	19	33	14
11	3	2008	4	7	15	30	5
11	6	2008	5	12	28	31	4
11	10	2008	15	17	25	28	26
11	13	2008	3	17	25	34	18
11	17	2008	25	27	30	34	12
11	20	2008	1	11	16	24	1
11	24	2008	6	9	13	28	26
11	27	2008	12	22	30	31	31
12	1	2008	2	21	24	35	3
12	4	2008	12	20	21	24	33
12	8	2008	4	21	27	35	10
12	11	2008	5	7	22	29	21
12	15	2008	13	16	26	29	9
12	18	2008	2	9	15	31	12
12	22	2008	12	17	22	33	18
12	25	2008	7	15	24	29	10
12	29	2008	13	22	27	29	17
1	1	2009	3	6	10	35	12
1	5	2009	3	5	6	8	26
1	8	2009	2	3	7	17	24
1	12	2009	4	13	17	19	16
1	15	2009	1	6	7	30	22
1	19	2009	13	19	21	35	16
1	22	2009	21	24	26	29	9
1	26	2009	4	16	28	30	15
1	29	2009	4	25	26	27	29
2	2	2009	11	16	28	29	2
2	5	2009	2	14	16	24	34
2	9	2009	2	13	17	32	6
2	12	2009	6	7	15	18	23
2	16	2009	7	15	17	18	12
2	19	2009	6	21	22	34	33
2	23	2009	14	18	19	35	26
2	26	2009	2	25	28	29	32
3	2	2009	6	13	32	35	9
3	5	2009	8	9	12	27	4
3	9	2009	8	23	27	32	5
3	12	2009	17	19	28	34	9
3	16	2009	24	29	31	34	26
3	19	2009	6	17	25	33	5
3	23	2009	2	7	15	18	17
3	26	2009	3	15	27	33	32
3	30	2009	21	24	28	30	25
4	2	2009	7	13	18	32	5
4	6	2009	9	12	34	35	13
4	9	2009	2	15	18	20	5
4	13	2009	21	26	28	29	15
4	16	2009	5	7	28	33	9
4	20	2009	12	14	24	31	21
4	23	2009	14	15	22	28	35
4	27	2009	17	22	26	33	25
4	30	2009	2	3	11	29	17
5	4	2009	13	30	32	35	10
5	7	2009	20	21	30	31	6
5	11	2009	9	17	18	29	24
5	14	2009	11	20	26	27	14
5	18	2009	19	24	30	33	2
5	21	2009	18	20	22	24	29
5	25	2009	4	6	28	32	25
5	28	2009	4	9	15	21	30
6	1	2009	9	20	29	34	24
6	4	2009	17	26	31	33	19
6	8	2009	1	9	12	18	4
6	11	2009	10	19	21	23	26
6	15	2009	7	9	27	30	13
6	18	2009	19	27	29	31	26
6	22	2009	2	11	27	34	10
6	25	2009	12	14	19	22	20
6	29	2009	3	12	14	24	2
7	2	2009	1	13	18	31	18
7	6	2009	5	8	31	32	7
7	9	2009	21	25	29	33	7
7	13	2009	1	12	23	29	29
7	16	2009	3	12	27	33	28
7	20	2009	5	9	17	20	17
7	23	2009	3	7	19	34	14
7	27	2009	1	13	14	35	20
7	30	2009	8	10	12	33	22
8	3	2009	3	6	17	33	33
8	6	2009	6	10	19	34	25
8	10	2009	15	19	22	23	27
8	13	2009	4	13	22	35	30
8	17	2009	17	21	25	34	22
8	20	2009	1	4	10	35	31
8	24	2009	2	15	19	34	8
8	27	2009	6	15	17	21	10
8	31	2009	8	17	24	34	7
9	3	2009	5	10	14	33	30
9	7	2009	25	27	29	35	26
9	10	2009	7	12	15	33	28
9	14	2009	3	10	11	30	26
9	17	2009	2	6	8	16	2
9	21	2009	8	16	22	32	13
9	24	2009	11	16	18	24	29
9	28	2009	4	12	22	34	14
10	1	2009	3	6	16	30	20
10	5	2009	3	6	20	33	16
10	8	2009	2	15	16	17	3
10	12	2009	14	15	32	35	27
10	15	2009	1	2	8	25	27
10	19	2009	13	17	19	35	33
10	22	2009	2	10	30	34	30
10	26	2009	13	15	16	30	20
10	29	2009	3	28	33	34	31
11	2	2009	7	9	10	23	7
11	5	2009	14	18	20	25	8
11	9	2009	3	13	30	32	12
11	12	2009	8	13	20	24	34
11	16	2009	11	24	29	30	32
11	19	2009	3	4	12	27	20
11	23	2009	3	14	19	30	3
11	26	2009	2	5	10	19	20
11	30	2009	10	16	21	31	3
12	3	2009	11	12	19	34	34
12	7	2009	3	15	18	20	26
12	10	2009	7	24	34	35	6
12	14	2009	2	3	26	27	11
12	17	2009	1	5	26	31	7
12	21	2009	12	24	25	32	18
12	24	2009	6	9	24	28	25
12	28	2009	25	26	27	33	24
12	31	2009	14	17	28	35	29
1	4	2010	2	9	19	32	34
1	7	2010	17	22	28	32	15
1	11	2010	17	22	26	27	11
1	14	2010	2	16	22	26	21
1	18	2010	6	7	22	31	34
1	21	2010	3	5	12	17	16
1	25	2010	4	5	15	30	31
1	28	2010	7	11	16	29	8
2	1	2010	7	12	18	29	3
2	4	2010	10	19	28	32	3
2	8	2010	16	18	27	31	35
2	11	2010	12	13	15	32	18
2	15	2010	4	20	28	32	14
2	18	2010	6	12	23	26	35
2	22	2010	1	2	20	30	26
2	25	2010	2	20	22	25	4
3	1	2010	7	11	19	26	11
3	4	2010	1	23	29	35	31
3	8	2010	5	9	17	34	5
3	11	2010	18	20	22	31	16
3	15	2010	9	12	13	23	30
3	18	2010	20	24	32	34	14
3	22	2010	6	16	28	31	32
3	25	2010	21	22	23	31	14
3	29	2010	3	24	30	32	35
4	1	2010	14	15	30	31	19
4	5	2010	15	21	24	32	11
4	8	2010	15	24	30	32	25
4	12	2010	6	13	15	17	11
4	15	2010	12	14	15	28	22
4	19	2010	10	25	30	35	24
4	22	2010	18	24	26	29	8
4	26	2010	10	17	25	31	3
4	29	2010	6	11	12	20	18
5	3	2010	14	18	22	35	27
5	6	2010	7	18	19	20	15
5	10	2010	6	12	15	18	10
5	13	2010	9	19	25	29	8
5	17	2010	7	9	23	30	9
5	20	2010	3	8	15	35	21
5	24	2010	8	10	12	16	9
5	27	2010	2	3	15	34	17
5	31	2010	19	22	23	35	16
6	3	2010	16	20	22	25	31
6	7	2010	19	25	31	32	32
6	10	2010	7	18	24	25	35
6	14	2010	4	6	30	34	16
6	17	2010	16	26	29	34	30
6	21	2010	11	25	26	35	3
6	24	2010	5	18	30	33	15
6	28	2010	11	20	25	27	6
7	1	2010	3	16	26	35	27
7	5	2010	2	9	14	21	21
7	8	2010	18	19	21	30	11
7	12	2010	4	8	20	31	19
7	15	2010	1	13	23	25	10
7	19	2010	21	22	23	27	8
7	22	2010	4	6	22	33	12
7	26	2010	8	14	22	35	7
7	29	2010	2	19	30	33	2
8	2	2010	10	13	30	32	24
8	5	2010	9	18	19	33	7
8	9	2010	6	29	30	31	17
8	12	2010	5	7	31	32	31
8	16	2010	13	21	23	24	11
8	19	2010	11	14	16	20	32
8	23	2010	4	18	25	31	2
8	26	2010	9	10	20	30	4
8	30	2010	7	16	33	35	27
9	2	2010	8	9	11	31	18
9	6	2010	7	17	27	28	4
9	9	2010	16	22	34	35	20
9	13	2010	10	13	15	25	6
9	16	2010	12	19	22	28	32
9	20	2010	4	28	29	34	22
9	23	2010	8	20	26	33	11
9	27	2010	1	11	16	23	9
9	30	2010	11	19	30	33	3
10	4	2010	10	11	21	25	9
10	7	2010	2	15	21	32	24
10	11	2010	5	20	22	23	1
10	14	2010	3	5	6	32	6
10	18	2010	15	16	21	30	25
10	21	2010	16	22	30	32	5
10	25	2010	2	5	16	30	33
10	28	2010	5	9	25	33	5
11	1	2010	5	12	17	35	25
11	4	2010	8	29	30	32	10
11	8	2010	2	17	22	30	19
11	11	2010	4	5	22	23	21
11	15	2010	3	19	31	34	8
11	18	2010	2	12	13	14	31
11	22	2010	1	9	11	32	21
11	25	2010	5	11	29	30	35
11	29	2010	3	5	10	35	22
12	2	2010	2	13	28	32	10
12	6	2010	13	21	34	35	20
12	9	2010	1	6	20	22	3
12	13	2010	8	13	23	30	35
12	16	2010	12	27	30	32	21
12	20	2010	3	27	31	33	2
12	23	2010	20	21	25	26	17
12	27	2010	7	15	27	34	21
12	30	2010	4	7	20	31	3
1	3	2011	4	6	9	34	32
1	6	2011	27	29	33	34	31
1	10	2011	8	22	27	28	20
1	13	2011	2	8	28	31	23
1	17	2011	2	23	34	35	33
1	20	2011	10	13	14	22	12
1	24	2011	7	17	24	28	35
1	27	2011	13	19	25	29	12
1	31	2011	4	12	17	18	22
2	3	2011	19	23	30	32	10
2	7	2011	3	9	13	28	14
2	10	2011	14	17	19	35	21
2	14	2011	1	9	14	23	13
2	17	2011	12	13	16	18	13
2	21	2011	8	22	27	29	26
2	24	2011	7	8	14	22	29
2	28	2011	23	29	30	34	25
3	3	2011	13	16	21	22	28
3	7	2011	1	7	12	34	30
3	10	2011	6	9	32	34	17
3	14	2011	11	20	23	31	20
3	17	2011	5	16	23	29	26
3	21	2011	12	25	28	34	24
3	24	2011	10	11	13	18	5
3	28	2011	4	16	17	33	12
3	31	2011	3	4	9	16	33
4	4	2011	1	9	27	32	2
4	7	2011	5	13	29	31	21
4	11	2011	11	12	28	31	7
4	14	2011	1	2	29	34	27
4	18	2011	3	11	23	24	10
4	21	2011	4	13	25	33	19
4	25	2011	8	9	12	35	15
4	28	2011	1	9	29	33	24
5	2	2011	19	20	21	22	33
5	5	2011	3	13	29	33	17
5	9	2011	3	6	14	27	30
5	12	2011	4	9	10	27	12
5	16	2011	6	14	16	22	13
5	19	2011	14	17	19	26	6
5	23	2011	13	29	30	33	17
5	26	2011	6	8	17	35	11
5	30	2011	7	8	31	35	20
6	2	2011	4	9	10	16	9
6	6	2011	12	15	25	29	33
6	9	2011	4	21	27	29	27
6	13	2011	8	21	31	32	19
6	16	2011	14	23	24	34	4
6	20	2011	15	16	30	33	18
6	23	2011	3	4	6	30	10
6	27	2011	12	13	17	28	10
6	30	2011	8	20	21	32	6
7	4	2011	7	13	15	16	22
7	7	2011	1	5	17	22	25
7	11	2011	5	16	29	30	21
7	14	2011	1	11	30	34	25
7	18	2011	4	20	27	29	18
7	21	2011	11	19	22	31	14
7	25	2011	3	6	8	30	21
7	28	2011	3	5	13	21	10
8	1	2011	4	12	13	35	31
8	4	2011	8	13	15	30	34
8	8	2011	4	25	31	32	25
8	11	2011	6	8	18	25	4
8	15	2011	7	28	29	30	5
8	18	2011	11	12	33	34	16
8	22	2011	6	19	24	25	7
8	25	2011	5	8	14	33	24
8	29	2011	4	11	16	35	27
9	1	2011	6	19	30	33	29
9	5	2011	1	3	4	20	5
9	8	2011	10	26	31	32	4
9	12	2011	18	22	30	34	15
9	15	2011	4	13	19	33	35
9	19	2011	1	9	33	34	7
9	22	2011	6	13	15	27	25
9	26	2011	8	22	23	25	22
9	29	2011	8	15	21	34	7
10	3	2011	10	28	30	35	25
10	6	2011	1	25	27	33	8
10	10	2011	1	6	13	27	30
10	13	2011	12	17	33	34	4
10	17	2011	1	9	31	34	26
10	20	2011	2	16	18	26	19
10	24	2011	4	6	9	35	16
10	27	2011	3	12	17	29	3
10	31	2011	1	3	7	24	3
11	3	2011	12	16	19	25	19
11	7	2011	4	19	25	31	16
11	10	2011	21	26	29	34	34
11	14	2011	4	6	11	19	30
11	17	2011	15	26	29	32	18
11	21	2011	5	7	18	25	17
11	24	2011	5	8	11	15	5
11	28	2011	9	11	26	30	28
12	1	2011	17	18	20	33	7
12	5	2011	5	8	24	28	17
12	8	2011	13	18	20	32	24
12	12	2011	6	15	26	33	25
12	15	2011	8	20	29	30	22
12	19	2011	1	12	20	33	29
12	22	2011	2	6	29	34	30
12	26	2011	4	8	9	25	22
12	29	2011	13	21	24	31	11
1	2	2012	4	8	16	27	9
1	5	2012	5	20	23	28	1
1	9	2012	1	7	9	28	16
1	12	2012	3	6	11	19	27
1	16	2012	7	8	9	18	6
1	19	2012	1	2	16	31	26
1	23	2012	5	12	19	35	10
1	26	2012	24	28	33	35	31
1	30	2012	8	9	13	29	12
2	2	2012	4	6	18	33	4
2	6	2012	15	25	26	32	24
2	9	2012	5	23	25	30	9
2	13	2012	4	12	24	34	20
2	16	2012	4	17	19	33	34
2	20	2012	3	7	16	33	17
2	23	2012	15	16	21	32	26
2	27	2012	11	16	26	34	30
3	1	2012	9	20	31	34	19
3	5	2012	3	15	25	30	1
3	8	2012	5	8	10	15	32
3	12	2012	2	6	15	24	13
3	15	2012	5	6	12	30	23
3	19	2012	2	4	24	30	5
3	22	2012	8	13	23	32	28
3	26	2012	2	6	21	25	2
3	29	2012	3	15	19	27	14
4	2	2012	2	4	24	27	33
4	5	2012	1	4	21	23	26
4	9	2012	5	10	22	23	14
4	12	2012	3	4	20	24	15
4	16	2012	9	12	19	33	17
4	19	2012	8	23	26	33	17
4	23	2012	9	15	18	23	22
4	26	2012	8	18	19	22	8
4	30	2012	17	19	22	35	31
5	3	2012	15	17	26	28	11
5	7	2012	13	25	29	35	2
5	10	2012	17	21	22	31	16
5	14	2012	9	12	15	25	25
5	17	2012	7	13	15	17	11
5	21	2012	11	15	18	30	10
5	24	2012	2	18	24	25	10
5	28	2012	1	13	25	34	3
5	31	2012	7	12	19	23	1
6	4	2012	8	19	20	34	18
6	7	2012	3	12	30	32	35
6	11	2012	4	6	21	29	21
6	14	2012	8	12	26	28	1
6	18	2012	21	23	28	34	27
6	21	2012	1	11	17	19	20
6	25	2012	2	6	19	20	26
6	28	2012	2	15	30	35	23
7	2	2012	3	15	23	27	24
7	5	2012	9	16	24	32	19
7	9	2012	1	9	21	31	4
7	12	2012	14	16	20	26	32
7	16	2012	2	13	27	29	16
7	19	2012	3	7	8	17	10
7	23	2012	9	15	18	23	30
7	26	2012	5	23	29	30	6
7	30	2012	19	20	21	33	7
8	2	2012	7	21	22	34	31
8	6	2012	5	15	26	35	35
8	9	2012	13	14	24	31	23
8	13	2012	11	16	18	22	5
8	16	2012	5	15	25	30	31
8	20	2012	10	20	28	32	20
8	23	2012	13	20	31	33	26
8	27	2012	7	10	16	22	32
8	30	2012	9	27	29	35	4
9	3	2012	25	27	30	35	11
9	6	2012	2	8	27	31	4
9	10	2012	5	16	23	25	27
9	13	2012	6	15	20	31	6
9	17	2012	9	17	20	23	18
9	20	2012	4	9	14	21	5
9	24	2012	8	15	17	29	32
9	27	2012	16	21	27	35	22
10	1	2012	8	10	17	32	3
10	4	2012	6	15	23	25	33
10	8	2012	1	4	16	33	3
10	11	2012	2	5	12	22	13
10	15	2012	3	8	15	20	25
10	18	2012	6	8	29	30	28
10	22	2012	2	12	20	25	2
10	25	2012	8	20	28	35	20
10	29	2012	4	6	15	22	7
11	1	2012	5	9	15	34	20
11	5	2012	19	24	26	34	15
11	8	2012	1	8	25	30	15
11	12	2012	14	19	20	21	11
11	15	2012	3	12	14	29	5
11	19	2012	2	6	15	28	11
11	22	2012	7	23	26	33	12
11	26	2012	8	12	13	23	5
11	29	2012	7	18	24	26	14
12	3	2012	5	8	28	33	14
12	6	2012	1	2	7	31	16
12	10	2012	10	13	24	34	28
12	13	2012	8	16	19	35	33
12	17	2012	1	11	25	26	7
12	20	2012	3	10	15	35	27
12	24	2012	6	8	15	27	28
12	27	2012	7	17	31	34	11
12	31	2012	9	13	14	22	1
1	3	2013	5	9	17	24	25
1	7	2013	2	8	20	23	1
1	10	2013	2	18	21	26	3
1	14	2013	10	15	17	27	7
1	17	2013	25	27	30	35	3
1	21	2013	2	8	13	31	2
1	24	2013	4	17	31	35	2
1	28	2013	6	15	19	29	20
1	31	2013	2	14	30	31	1
2	4	2013	13	15	16	26	18
2	7	2013	4	20	25	33	32
2	11	2013	6	15	25	26	12
2	14	2013	6	10	29	34	29
2	18	2013	2	14	24	29	3
2	21	2013	1	9	11	33	8
2	25	2013	9	25	30	32	27
2	28	2013	4	13	14	21	3
3	4	2013	25	27	29	34	17
3	7	2013	4	5	30	32	21
3	11	2013	6	9	12	19	25
3	14	2013	2	3	13	14	13
3	18	2013	12	14	25	29	30
3	21	2013	4	8	9	23	3
3	25	2013	7	10	13	19	33
3	28	2013	1	18	23	28	32
4	1	2013	1	17	31	33	30
4	4	2013	23	31	33	34	14
4	8	2013	5	15	27	28	5
4	11	2013	7	12	18	21	10
4	15	2013	3	22	25	34	23
4	18	2013	15	28	29	30	21
4	22	2013	8	12	17	35	20
4	25	2013	2	7	10	24	17
4	29	2013	10	20	32	33	16
5	2	2013	9	16	18	31	11
5	6	2013	3	20	21	22	32
5	9	2013	7	10	17	31	8
5	13	2013	7	17	19	32	31
5	16	2013	4	19	26	32	19
5	20	2013	3	5	11	20	35
5	23	2013	12	15	29	34	22
5	27	2013	1	8	11	19	5
5	30	2013	2	5	17	21	1
6	3	2013	6	18	20	34	28
6	6	2013	3	17	31	34	23
6	10	2013	5	10	14	34	2
6	13	2013	5	16	22	26	2
6	17	2013	7	22	25	34	17
6	20	2013	7	9	12	32	23
6	24	2013	8	9	19	27	8
6	27	2013	8	18	20	25	13
7	1	2013	7	12	16	31	15
7	4	2013	15	23	25	26	8
7	8	2013	2	12	14	26	4
7	11	2013	21	27	29	32	21
7	15	2013	5	6	12	16	6
7	18	2013	5	6	14	17	3
7	22	2013	8	13	16	33	6
7	25	2013	13	20	23	35	7
7	29	2013	2	18	20	24	8
8	1	2013	6	26	27	30	16
8	5	2013	15	18	24	32	10
8	8	2013	4	15	18	20	34
8	12	2013	3	4	7	21	17
8	15	2013	3	11	19	27	16
8	19	2013	1	21	25	34	23
8	22	2013	1	6	21	24	17
8	26	2013	3	5	15	20	26
8	29	2013	10	11	30	31	26
9	2	2013	15	24	25	33	9
9	5	2013	7	18	26	34	10
9	9	2013	4	7	21	24	2
9	12	2013	3	9	19	23	30
9	16	2013	8	12	15	18	1
9	19	2013	9	13	18	24	18
9	23	2013	17	22	28	32	35
9	26	2013	7	10	12	21	11
9	30	2013	5	7	9	34	20
10	3	2013	8	14	19	28	1
10	7	2013	5	25	26	28	19
10	10	2013	3	14	27	34	34
10	14	2013	5	20	21	28	34
10	17	2013	13	16	21	26	22
10	21	2013	6	15	23	34	4
10	24	2013	10	13	15	33	15
10	28	2013	3	6	15	20	7
10	31	2013	5	17	24	29	6
11	4	2013	3	10	15	18	2
11	7	2013	13	15	17	31	7
11	11	2013	5	9	15	24	1
11	14	2013	16	17	23	33	35
11	18	2013	1	4	7	10	15
11	21	2013	15	31	34	35	26
11	25	2013	8	16	18	23	32
11	28	2013	9	20	27	31	11
12	2	2013	5	12	13	33	1
12	5	2013	12	17	20	34	5
12	9	2013	1	7	16	26	10
12	12	2013	3	22	28	35	3
12	16	2013	10	13	14	30	2
12	19	2013	9	15	20	30	20
12	23	2013	4	19	22	28	33
12	26	2013	6	28	30	32	23
12	30	2013	13	14	18	23	3
1	2	2014	8	15	19	27	23
1	6	2014	8	10	14	29	22
1	9	2014	6	15	25	29	17
1	13	2014	2	6	27	34	28
1	16	2014	8	25	30	34	18
1	20	2014	12	23	28	33	17
1	23	2014	1	7	15	26	24
1	27	2014	1	7	16	17	14
1	30	2014	8	11	20	29	5
2	3	2014	1	20	25	34	10
2	6	2014	3	16	23	30	9
2	10	2014	3	4	23	26	2
2	13	2014	4	14	23	33	19
2	17	2014	10	18	20	30	11
2	20	2014	5	6	20	32	35
2	24	2014	6	10	11	33	20
2	27	2014	9	13	15	21	6
3	3	2014	2	4	18	22	4
3	6	2014	5	6	8	34	11
3	10	2014	1	2	17	24	10
3	13	2014	3	17	28	32	28
3	17	2014	11	16	20	32	27
3	20	2014	4	8	21	34	30
3	24	2014	1	4	21	22	1
3	27	2014	7	14	19	32	24
3	31	2014	7	10	21	32	30
4	3	2014	13	21	24	34	10
4	7	2014	6	13	19	22	10
4	10	2014	13	16	21	31	15
4	14	2014	2	15	21	31	19
4	17	2014	2	7	13	22	28
4	21	2014	2	6	14	34	30
4	24	2014	4	8	10	15	13
4	28	2014	7	23	30	35	6
5	1	2014	2	17	20	24	17
5	5	2014	2	4	6	16	34
5	8	2014	1	4	10	29	21
5	12	2014	1	4	12	35	10
5	15	2014	6	7	22	34	8
5	19	2014	12	13	28	31	13
5	22	2014	5	6	11	21	33
5	26	2014	3	6	12	19	12
5	29	2014	5	8	14	22	8
6	2	2014	17	26	32	35	4
6	5	2014	7	8	13	25	20
6	9	2014	5	9	12	28	7
6	12	2014	3	4	11	13	15
6	16	2014	14	26	30	31	6
6	19	2014	21	25	30	35	35
6	23	2014	2	24	25	34	3
6	26	2014	13	18	31	32	3
6	30	2014	9	10	20	28	18
7	3	2014	2	15	20	22	23
7	7	2014	4	8	10	29	4
7	10	2014	8	16	17	31	15
7	14	2014	6	8	11	29	9
7	17	2014	2	3	12	28	23
7	21	2014	3	7	12	22	35
7	24	2014	6	11	18	25	7
7	28	2014	1	13	28	31	25
7	31	2014	13	21	22	25	22
8	4	2014	13	19	22	35	15
8	7	2014	3	12	14	26	16
8	11	2014	7	21	23	25	18
8	14	2014	4	28	30	33	3
8	18	2014	3	7	17	25	2
8	21	2014	5	6	23	25	20
8	25	2014	2	5	18	30	33
8	28	2014	18	19	24	34	15
9	1	2014	12	18	28	33	4
9	4	2014	13	26	29	30	12
9	8	2014	23	24	30	35	35
9	11	2014	3	4	13	27	13
9	15	2014	2	14	18	33	22
9	18	2014	7	14	17	22	25
9	22	2014	8	9	22	34	19
9	25	2014	1	4	11	31	34
9	29	2014	5	17	18	27	4
10	2	2014	4	18	30	32	8
10	6	2014	3	9	16	28	7
10	9	2014	3	20	22	30	12
10	13	2014	11	23	26	30	24
10	16	2014	22	31	32	33	21
10	20	2014	6	9	12	28	9
10	23	2014	1	9	18	19	35
10	27	2014	9	15	32	34	15
10	30	2014	2	3	28	34	30
11	3	2014	12	15	21	27	12
11	6	2014	2	14	27	35	24
11	10	2014	9	19	26	33	29
11	13	2014	1	12	27	33	25
11	17	2014	1	10	17	28	24
11	20	2014	9	19	30	34	21
11	24	2014	4	14	22	30	9
11	27	2014	5	15	18	24	10
12	1	2014	3	8	19	29	2
12	4	2014	3	18	26	35	19
12	8	2014	5	6	24	28	21
12	11	2014	2	3	14	30	4
12	15	2014	12	22	28	32	18
12	18	2014	11	13	15	24	5
12	22	2014	10	12	21	32	28
12	25	2014	15	19	27	33	13
12	29	2014	1	7	17	28	24
1	1	2015	7	9	21	32	3
1	5	2015	18	21	27	30	22
1	8	2015	9	14	26	34	10
1	12	2015	2	6	10	30	31
1	15	2015	21	25	26	34	11
1	19	2015	10	11	25	30	33
1	22	2015	18	21	23	28	4
1	26	2015	1	3	4	25	17
1	29	2015	24	25	27	31	20
2	2	2015	1	2	4	22	30
2	5	2015	4	7	10	31	12
2	9	2015	4	14	29	30	21
2	12	2015	22	23	24	34	13
2	16	2015	8	11	12	19	13
2	19	2015	16	23	25	28	5
2	23	2015	8	23	25	33	18
2	26	2015	9	15	33	35	9
3	2	2015	5	18	19	23	13
3	5	2015	14	19	30	35	26
3	9	2015	5	6	12	35	30
3	12	2015	1	8	17	27	8
3	16	2015	7	14	25	35	32
3	19	2015	3	21	25	34	30
3	23	2015	4	10	21	30	31
3	26	2015	10	12	15	25	15
3	30	2015	13	22	24	27	2
4	2	2015	12	32	33	34	24
4	6	2015	1	4	8	23	26
4	9	2015	6	24	25	34	9
4	13	2015	2	11	24	29	11
4	16	2015	3	4	5	28	11
4	20	2015	3	7	8	32	28
4	23	2015	4	17	26	34	33
4	27	2015	4	16	28	29	12
4	30	2015	4	15	21	26	21
5	4	2015	9	16	20	26	9
5	7	2015	1	6	16	31	28
5	11	2015	3	8	16	31	21
5	14	2015	4	14	18	34	27
5	18	2015	8	9	20	24	13
5	21	2015	2	26	29	33	32
5	25	2015	1	5	10	35	20
5	28	2015	3	4	23	34	15
6	1	2015	1	10	26	29	13
6	4	2015	6	27	28	32	34
6	8	2015	10	12	19	29	17
6	11	2015	4	19	25	28	6
6	15	2015	6	13	21	22	11
6	18	2015	2	5	23	28	16
6	22	2015	7	13	15	21	32
6	25	2015	8	11	21	28	9
6	29	2015	10	16	23	30	30
7	2	2015	2	7	20	26	30
7	6	2015	2	6	12	31	2
7	9	2015	7	25	29	30	1
7	13	2015	2	3	19	27	17
7	16	2015	3	20	28	34	21
7	20	2015	3	5	8	24	7
7	23	2015	7	25	31	35	22
7	27	2015	1	24	28	33	29
7	30	2015	6	12	16	17	1
8	3	2015	2	27	29	31	14
8	6	2015	7	22	28	35	10
8	10	2015	3	5	6	20	34
8	13	2015	7	25	32	33	20
8	17	2015	7	11	12	17	12
8	20	2015	3	25	30	35	35
8	24	2015	7	16	25	26	14
8	27	2015	5	15	19	22	8
8	31	2015	2	10	27	28	11
9	3	2015	5	8	12	18	4
9	7	2015	2	13	23	32	29
9	10	2015	2	4	30	35	11
9	14	2015	11	24	29	30	34
9	17	2015	1	4	17	35	19
9	21	2015	1	13	29	33	13
9	24	2015	16	19	20	23	7
9	28	2015	18	22	25	30	15
10	1	2015	10	15	21	31	23
10	5	2015	16	22	24	28	18
10	8	2015	3	21	22	24	28
10	12	2015	15	16	29	30	5
10	15	2015	14	15	18	23	15
10	19	2015	1	4	6	21	22
10	22	2015	15	16	19	29	27
10	26	2015	15	23	27	34	20
10	29	2015	5	11	15	21	27
11	2	2015	12	19	34	35	20
11	5	2015	10	14	15	23	34
11	9	2015	11	15	22	34	19
11	12	2015	21	24	29	30	20
11	16	2015	3	17	19	20	4
11	19	2015	10	17	20	31	2
11	23	2015	5	19	22	31	35
11	26	2015	13	20	30	34	8
11	30	2015	1	2	24	25	24
12	3	2015	3	5	17	23	20
12	7	2015	12	15	16	32	21
12	10	2015	22	26	33	35	31
12	14	2015	4	14	20	22	25
12	17	2015	9	10	19	27	24
12	21	2015	2	22	29	32	32
12	24	2015	3	6	31	34	10
12	28	2015	22	26	27	32	8
12	31	2015	7	9	14	34	30
1	4	2016	7	16	22	30	35
1	7	2016	5	16	26	35	12
1	11	2016	6	11	28	32	35
1	14	2016	3	4	17	27	18
1	18	2016	5	9	30	33	24
1	21	2016	8	9	11	19	17
1	25	2016	16	20	26	29	25
1	28	2016	6	12	14	21	3
2	1	2016	25	26	27	29	32
2	4	2016	1	6	15	22	17
2	8	2016	10	11	23	32	10
2	11	2016	1	3	6	20	12
2	15	2016	1	18	28	33	9
2	18	2016	2	4	16	24	30
2	22	2016	1	18	31	32	5
2	25	2016	5	8	16	23	25
2	29	2016	2	5	25	35	28
3	3	2016	9	14	15	24	20
3	7	2016	10	24	29	34	31
3	10	2016	26	27	29	34	18
3	14	2016	3	24	28	35	31
3	17	2016	3	8	10	12	13
3	21	2016	7	16	17	28	18
3	24	2016	8	11	12	14	32
3	28	2016	1	7	20	30	15
3	31	2016	3	12	22	25	7
4	4	2016	2	7	16	28	13
4	7	2016	2	5	18	27	30
4	11	2016	14	19	22	35	9
4	14	2016	13	16	20	30	32
4	18	2016	9	24	26	33	22
4	21	2016	9	18	26	30	19
4	25	2016	9	14	18	25	4
4	28	2016	1	5	7	12	16
5	2	2016	2	9	10	30	3
5	5	2016	7	15	32	34	8
5	9	2016	9	10	26	27	4
5	12	2016	6	15	27	33	20
5	16	2016	1	3	25	27	14
5	19	2016	7	9	16	27	15
5	23	2016	1	7	8	28	33
5	26	2016	4	19	32	33	14
5	30	2016	2	13	32	33	12
6	2	2016	2	18	29	30	3
6	6	2016	4	7	25	32	23
6	9	2016	8	20	24	26	24
6	13	2016	5	9	10	24	9
6	16	2016	1	5	23	34	17
6	20	2016	22	23	31	35	3
6	23	2016	19	20	21	28	32
6	27	2016	8	11	22	28	30
6	30	2016	14	18	23	33	33
7	4	2016	10	18	24	32	19
7	7	2016	8	27	31	34	5
7	11	2016	2	8	25	33	16
7	14	2016	17	18	19	31	17
7	18	2016	4	7	8	11	11
7	21	2016	17	24	33	34	12
7	25	2016	13	28	30	31	31
7	28	2016	8	16	20	33	2
8	1	2016	12	16	21	35	31
8	4	2016	12	19	28	30	23
8	8	2016	1	6	11	19	10
8	11	2016	9	16	24	26	31
8	15	2016	3	11	16	34	8
8	18	2016	18	24	26	30	29
8	22	2016	8	21	25	26	33
8	25	2016	8	21	23	25	30
8	29	2016	3	22	29	33	5
9	1	2016	15	19	28	29	1
9	5	2016	6	13	27	30	18
9	8	2016	12	23	26	28	34
9	12	2016	3	4	13	21	6
9	15	2016	3	4	15	17	21
9	19	2016	5	7	12	35	19
9	22	2016	4	20	30	32	8
9	26	2016	18	20	34	35	12
9	29	2016	7	8	24	32	5
10	3	2016	4	5	16	17	30
10	6	2016	17	26	27	33	24
10	10	2016	10	12	13	32	30
10	13	2016	2	10	12	17	34
10	17	2016	9	19	21	32	6
10	20	2016	9	19	22	31	24
10	24	2016	12	14	18	25	31
10	27	2016	25	28	33	35	9
10	31	2016	6	16	25	31	9
11	3	2016	20	23	28	33	23
11	7	2016	9	19	20	31	21
11	10	2016	2	7	17	30	13
11	14	2016	17	19	33	34	5
11	17	2016	11	12	19	29	14
11	21	2016	10	25	28	34	13
11	24	2016	1	11	18	23	16
11	28	2016	6	7	22	24	19
12	1	2016	1	3	17	32	3
12	5	2016	10	17	20	25	33
12	8	2016	4	5	31	32	32
12	12	2016	14	18	27	34	1
12	15	2016	19	21	22	31	7
12	19	2016	8	18	21	25	29
12	22	2016	15	17	20	33	7
12	26	2016	8	10	13	26	22
12	29	2016	10	27	29	35	2
1	2	2017	2	14	23	25	19
1	5	2017	10	11	28	31	26
1	9	2017	1	27	28	34	13
1	12	2017	9	10	14	16	2
1	16	2017	22	23	25	28	6
1	19	2017	6	7	12	19	31
1	23	2017	8	10	23	34	22
1	26	2017	3	20	23	27	30
1	30	2017	4	9	18	19	31
2	2	2017	6	22	27	32	14
2	6	2017	1	8	22	26	12
2	9	2017	1	10	11	17	15
2	13	2017	5	13	14	15	2
2	16	2017	6	12	29	34	12
2	20	2017	6	16	19	33	28
2	23	2017	5	18	23	30	30
2	27	2017	4	7	19	32	26
3	2	2017	6	14	18	27	28
3	6	2017	11	21	31	33	23
3	9	2017	7	22	32	35	32
3	13	2017	3	16	17	35	17
3	16	2017	4	16	21	22	11
3	20	2017	7	8	11	25	16
3	23	2017	5	20	22	34	1
3	27	2017	7	12	18	26	13
3	30	2017	15	16	30	33	12
4	3	2017	9	10	22	31	27
4	6	2017	11	22	29	32	22
4	10	2017	1	15	29	34	33
4	13	2017	18	21	26	35	9
4	17	2017	3	8	20	35	2
4	20	2017	14	16	25	34	31
4	24	2017	11	20	25	27	31
4	27	2017	5	19	33	34	5
5	1	2017	15	16	29	32	17
5	4	2017	2	12	30	34	18
5	8	2017	3	10	17	25	15
5	11	2017	7	24	28	33	16
5	15	2017	12	17	24	26	25
5	18	2017	11	17	22	30	21
5	22	2017	4	11	13	24	22
5	25	2017	2	4	31	34	9
5	29	2017	5	16	32	34	5
6	1	2017	1	2	31	32	1
6	5	2017	8	14	18	35	12
6	8	2017	12	15	18	26	19
6	12	2017	7	13	15	34	6
6	15	2017	19	23	32	35	7
6	19	2017	6	24	29	33	15
6	22	2017	2	12	20	27	9
6	26	2017	6	15	19	25	3
6	29	2017	13	17	25	33	6
7	3	2017	3	12	24	29	23
7	6	2017	6	16	20	34	17
7	10	2017	25	26	27	30	4
7	13	2017	22	24	26	27	8
7	17	2017	4	17	31	32	13
7	20	2017	16	20	27	28	34
7	24	2017	4	5	33	35	21
7	27	2017	1	4	17	22	5
7	31	2017	10	15	22	26	19
8	3	2017	9	26	29	33	5
8	7	2017	11	21	26	30	33
8	10	2017	6	10	19	21	16
8	14	2017	6	16	17	32	5
8	17	2017	5	25	26	33	19
8	21	2017	5	10	26	30	6
8	24	2017	1	16	20	21	31
8	28	2017	4	13	14	17	28
8	31	2017	3	8	25	26	22
9	4	2017	8	9	15	23	11
9	7	2017	1	16	32	33	4
9	11	2017	10	14	24	30	9
9	14	2017	9	16	19	29	23
9	18	2017	4	9	26	32	30
9	21	2017	9	14	18	30	1
9	25	2017	7	19	28	31	30
9	28	2017	4	7	15	23	27
10	2	2017	13	15	18	31	5
10	5	2017	2	5	18	21	31
10	9	2017	7	11	12	27	18
10	12	2017	8	9	15	26	27
10	16	2017	10	22	24	35	32
10	19	2017	2	19	29	35	24
10	23	2017	4	6	11	31	27
10	26	2017	1	3	10	25	25
10	30	2017	5	19	33	35	29
11	2	2017	2	7	10	19	20
11	6	2017	3	13	32	35	16
11	9	2017	15	19	24	26	24
11	13	2017	4	10	27	29	28
11	16	2017	10	12	17	21	17
11	20	2017	5	13	30	31	4
11	23	2017	1	5	10	13	33
11	27	2017	9	11	25	27	26
11	30	2017	1	5	8	21	18
12	4	2017	7	19	20	31	5
12	7	2017	12	14	25	26	31
12	11	2017	4	20	25	28	30
12	14	2017	4	16	23	35	25
12	18	2017	4	13	21	32	20
12	21	2017	8	20	25	26	11
12	25	2017	2	12	19	29	27
12	28	2017	6	7	19	33	30
1	1	2018	1	14	22	27	9
1	4	2018	17	18	27	35	28
1	8	2018	11	18	23	29	17
1	11	2018	4	15	18	29	33
1	15	2018	15	19	28	35	24
1	18	2018	2	6	27	31	20
1	22	2018	2	19	20	33	6
1	25	2018	19	25	29	33	7
1	29	2018	3	7	11	24	22
2	1	2018	4	7	14	19	34
2	5	2018	2	4	10	23	16
2	8	2018	16	22	27	31	26
2	12	2018	2	20	27	33	12
2	15	2018	1	15	25	30	22
2	19	2018	4	9	23	26	6
2	22	2018	8	10	15	25	24
2	26	2018	13	18	31	32	31
3	1	2018	11	14	16	19	16
3	5	2018	1	19	23	35	17
3	8	2018	12	15	21	35	9
3	12	2018	12	22	31	33	4
3	15	2018	5	8	18	34	18
3	19	2018	16	18	27	31	21
3	22	2018	11	17	22	30	24
3	26	2018	2	8	27	35	30
3	29	2018	6	18	20	24	12
4	2	2018	8	9	34	35	21
4	5	2018	2	9	10	21	21
4	9	2018	2	4	20	24	14
4	12	2018	17	22	31	32	26
4	16	2018	4	17	30	34	14
4	19	2018	12	13	17	29	20
4	23	2018	1	18	31	33	14
4	26	2018	11	16	18	34	27
4	30	2018	3	14	20	25	6
5	3	2018	6	13	25	31	5
5	7	2018	10	17	20	21	16
5	10	2018	4	7	11	22	18
5	14	2018	10	13	15	17	22
5	17	2018	3	7	8	10	8
5	21	2018	11	12	24	35	1
5	24	2018	1	8	18	33	22
5	28	2018	7	8	9	15	23
5	31	2018	1	22	25	31	29
6	4	2018	2	8	19	25	12
6	7	2018	1	4	13	22	32
6	11	2018	2	20	23	29	4
6	14	2018	4	5	24	25	9
6	18	2018	9	11	12	31	2
6	21	2018	16	17	18	30	19
6	25	2018	6	8	22	32	20
6	28	2018	5	15	23	31	23
7	2	2018	10	17	29	34	9
7	5	2018	6	10	22	28	20
7	9	2018	2	7	13	23	32
7	12	2018	3	6	18	19	21
7	16	2018	6	18	30	34	23
7	19	2018	10	13	24	28	17
7	23	2018	12	15	30	34	11
7	26	2018	1	3	13	33	15
7	30	2018	4	14	19	27	6
8	2	2018	1	6	15	23	27
8	6	2018	5	12	14	28	20
8	9	2018	6	14	19	26	10
8	13	2018	1	3	18	33	22
8	16	2018	1	4	5	17	14
8	20	2018	18	23	24	26	11
8	23	2018	7	8	10	18	15
8	27	2018	2	6	10	25	34
8	30	2018	12	13	20	33	3
9	3	2018	11	25	26	31	16
9	6	2018	4	6	10	21	26
9	10	2018	3	13	17	35	19
9	13	2018	4	17	22	32	17
9	17	2018	12	26	31	35	29
9	20	2018	8	31	32	34	5
9	24	2018	7	21	22	29	13
9	27	2018	1	4	17	23	32
10	1	2018	13	16	27	34	11
10	4	2018	11	17	26	28	33
10	8	2018	2	5	22	30	9
10	11	2018	5	18	19	24	18
10	15	2018	12	23	26	27	17
10	18	2018	2	6	16	19	14
10	22	2018	12	13	15	24	28
10	25	2018	4	10	28	30	28
10	29	2018	6	12	17	20	26
11	1	2018	12	15	18	21	30
11	5	2018	2	26	28	33	25
11	8	2018	18	22	34	35	7
11	12	2018	15	19	29	33	32
11	15	2018	17	23	24	27	11
11	19	2018	7	16	24	35	1
11	22	2018	14	32	33	34	20
11	26	2018	12	23	30	34	22
11	29	2018	4	11	26	30	20
12	3	2018	16	20	29	34	22
12	6	2018	8	15	16	29	30
12	10	2018	7	13	26	29	6
12	13	2018	14	19	21	26	7
12	17	2018	7	30	31	35	28
12	20	2018	5	23	33	35	31
12	24	2018	17	23	33	34	23
12	27	2018	7	17	26	31	28
12	31	2018	8	16	19	29	4
1	3	2019	1	15	16	24	8
1	7	2019	2	14	18	24	28
1	10	2019	11	21	26	29	20
1	14	2019	11	13	21	28	2
1	17	2019	16	20	26	31	12
1	21	2019	3	15	22	32	15
1	24	2019	1	20	22	26	16
1	28	2019	3	20	24	35	14
1	31	2019	1	4	11	12	22
2	4	2019	1	4	9	19	12
2	7	2019	2	15	27	33	24
2	11	2019	6	14	17	24	21
2	14	2019	4	13	24	26	9
2	18	2019	1	12	31	34	12
2	21	2019	11	16	19	30	12
2	25	2019	1	10	27	29	12
2	28	2019	9	22	23	28	22
3	4	2019	14	19	29	30	27
3	7	2019	7	15	16	27	17
3	11	2019	10	13	27	30	15
3	14	2019	18	19	24	25	25
3	18	2019	3	13	21	30	24
3	21	2019	15	21	23	34	11
3	25	2019	2	15	16	34	32
3	28	2019	8	12	20	21	33
4	1	2019	6	8	16	25	13
4	4	2019	5	21	28	33	11
4	8	2019	4	28	30	31	23
4	11	2019	7	16	17	23	3
4	15	2019	19	21	30	33	32
4	18	2019	4	16	18	32	28
4	22	2019	2	5	8	22	13
4	25	2019	6	14	20	28	14
4	29	2019	3	15	17	34	22
5	2	2019	17	21	22	27	26
5	6	2019	1	6	20	25	33
5	9	2019	2	7	9	21	2
5	13	2019	15	17	31	35	14
5	16	2019	14	23	31	34	30
5	20	2019	1	8	16	17	2
5	23	2019	1	19	31	33	33
5	27	2019	7	19	22	30	8
5	30	2019	1	5	24	28	31
6	3	2019	8	9	12	35	27
6	6	2019	7	9	12	17	17
6	10	2019	8	15	25	32	11
6	13	2019	6	8	14	33	10
6	17	2019	3	12	16	19	13
6	20	2019	6	8	9	33	4
6	24	2019	4	16	29	33	17
6	27	2019	4	6	16	17	9
7	1	2019	17	19	27	30	10
7	4	2019	3	18	26	32	6
7	8	2019	7	20	28	29	35
7	11	2019	22	25	29	33	1
7	15	2019	5	8	30	31	2
7	18	2019	2	10	24	26	34
7	22	2019	1	5	6	24	5
7	25	2019	1	6	17	29	2
7	29	2019	21	27	30	32	20
8	1	2019	1	2	10	23	28
8	5	2019	10	22	25	29	5
8	8	2019	1	4	5	9	33
8	12	2019	1	7	19	34	2
8	15	2019	4	20	26	32	6
8	19	2019	3	11	21	25	4
8	22	2019	2	5	6	24	1
8	26	2019	4	13	32	35	5
8	29	2019	11	14	24	26	35
9	2	2019	5	7	10	18	19
9	5	2019	4	6	31	33	30
9	9	2019	3	4	6	33	8
9	12	2019	4	23	26	28	26
9	16	2019	8	13	21	31	12
9	19	2019	14	15	19	26	7
9	23	2019	2	10	22	34	30
9	26	2019	6	11	25	32	4
9	30	2019	3	12	24	26	17
10	3	2019	2	14	32	34	18
10	7	2019	10	12	23	32	16
10	10	2019	8	20	22	35	13
10	14	2019	2	4	12	20	18
10	17	2019	9	20	23	32	7
10	21	2019	13	14	15	33	3
10	24	2019	2	6	27	31	6
10	28	2019	1	6	7	14	19
10	31	2019	2	4	26	31	3
11	4	2019	4	5	10	34	15
11	7	2019	5	20	26	27	29
11	11	2019	6	30	31	34	21
11	14	2019	1	9	17	32	31
11	18	2019	17	19	31	33	13
11	21	2019	4	19	24	26	33
11	25	2019	2	3	9	15	16
11	28	2019	6	16	33	35	11
12	2	2019	21	23	31	32	5
12	5	2019	7	11	15	18	30
12	9	2019	9	26	29	33	3
12	12	2019	4	10	14	26	24
12	16	2019	5	15	26	30	30
12	19	2019	12	27	31	35	18
12	23	2019	4	10	19	24	4
12	26	2019	1	2	13	24	20
12	30	2019	2	13	21	26	27
1	2	2020	8	10	22	34	33
1	6	2020	2	3	15	31	19
1	9	2020	10	16	30	34	25
1	13	2020	1	11	25	27	29
1	16	2020	6	11	31	33	13
1	20	2020	2	11	16	22	22
1	23	2020	3	16	18	20	16
1	27	2020	2	14	17	22	35
1	30	2020	2	10	16	34	11
2	3	2020	6	27	28	29	10
2	6	2020	5	8	33	34	20
2	10	2020	21	23	25	33	5
2	13	2020	5	11	14	28	27
2	17	2020	16	20	21	31	11
2	20	2020	17	18	19	33	24
2	24	2020	6	8	29	31	32
2	27	2020	13	24	30	31	5
3	2	2020	9	14	17	27	3
3	5	2020	23	28	32	33	3
3	9	2020	25	31	32	34	33
3	12	2020	1	4	18	20	20
3	16	2020	1	2	25	27	18
3	19	2020	3	5	22	27	26
3	23	2020	13	22	24	29	23
3	26	2020	3	22	28	30	10
3	30	2020	5	19	20	35	12
4	2	2020	5	12	26	33	22
4	6	2020	3	14	26	30	22
4	9	2020	4	5	19	28	32
4	13	2020	3	22	30	33	3
4	16	2020	2	3	18	23	8
4	20	2020	1	15	23	29	4
4	23	2020	7	10	18	33	31
4	27	2020	4	13	18	35	25
4	30	2020	11	13	27	32	3
5	4	2020	5	19	23	28	2
5	7	2020	17	23	24	34	7
5	11	2020	8	20	26	30	27
5	14	2020	3	8	11	30	29
5	18	2020	5	6	12	19	5
5	21	2020	3	5	18	31	3
5	25	2020	3	5	8	10	30
5	28	2020	4	9	18	23	29
6	1	2020	3	14	18	24	24
6	4	2020	8	10	24	26	17
6	8	2020	1	13	21	24	1
6	11	2020	9	15	30	34	2
6	15	2020	1	15	22	27	26
6	18	2020	6	23	27	32	20
6	22	2020	5	11	16	31	11
6	25	2020	2	18	19	25	33
6	29	2020	14	17	18	24	13
7	2	2020	1	4	22	30	18
7	6	2020	1	7	15	21	20
7	9	2020	23	25	30	32	20
7	13	2020	5	6	25	29	19
7	16	2020	9	13	29	32	27
7	20	2020	18	19	22	25	24
7	23	2020	5	22	25	28	34
7	27	2020	20	25	30	34	17
7	30	2020	4	14	17	18	15
8	3	2020	17	20	23	35	25
8	6	2020	1	4	13	34	18
8	10	2020	1	15	23	28	31
8	13	2020	3	8	27	29	29
8	17	2020	3	24	26	28	14
8	20	2020	4	8	11	27	9
8	24	2020	10	11	21	28	30
8	27	2020	10	13	16	20	27
8	31	2020	9	29	34	35	28
9	3	2020	3	19	27	29	13
9	7	2020	4	14	19	23	24
9	10	2020	2	13	32	34	17
9	14	2020	5	7	30	35	4
9	17	2020	1	4	28	32	6
9	21	2020	11	25	29	34	17
9	24	2020	1	15	18	22	7
9	28	2020	4	12	25	35	31
10	1	2020	7	9	14	21	1
10	5	2020	4	9	19	21	1
10	8	2020	12	14	20	34	31
10	12	2020	6	23	29	34	3
10	15	2020	6	9	13	27	33
10	19	2020	1	10	26	29	34
10	22	2020	9	17	19	23	1
10	26	2020	15	24	28	32	17
10	29	2020	5	8	10	11	12
11	2	2020	4	21	24	28	5
11	5	2020	4	6	18	19	15
11	9	2020	8	15	28	32	35
11	12	2020	10	21	26	32	28
11	16	2020	2	3	7	18	32
11	19	2020	14	15	19	20	34
11	23	2020	4	21	29	32	32
11	26	2020	4	13	21	34	4
11	30	2020	9	23	25	29	34
12	3	2020	5	13	16	30	11
12	7	2020	3	8	20	26	5
12	10	2020	1	4	14	25	3
12	14	2020	3	9	22	34	29
12	17	2020	2	26	31	32	26
12	21	2020	5	7	25	33	4
12	24	2020	2	11	26	35	25
12	28	2020	7	12	15	19	4
12	31	2020	12	16	20	33	13
1	4	2021	1	6	11	25	12
1	7	2021	1	17	21	23	20
1	11	2021	1	4	8	31	11
1	14	2021	21	23	26	29	18
1	18	2021	1	5	18	28	15
1	21	2021	4	6	12	32	5
1	25	2021	4	20	24	29	27
1	28	2021	1	15	21	25	30
2	1	2021	12	17	20	25	30
2	4	2021	1	8	12	18	33
2	8	2021	18	23	25	26	22
2	11	2021	1	6	10	14	1
2	15	2021	11	18	26	30	35
2	18	2021	5	9	19	22	27
2	22	2021	7	25	30	35	12
2	25	2021	2	13	24	26	16
3	1	2021	3	15	22	30	29
3	4	2021	3	11	19	30	17
3	8	2021	3	6	28	30	24
3	11	2021	3	8	9	28	18
3	15	2021	12	15	27	34	35
3	18	2021	7	22	26	29	7
3	22	2021	3	4	30	32	27
3	25	2021	17	20	25	27	29
3	29	2021	16	19	24	26	28
4	1	2021	10	14	28	34	19
4	5	2021	16	17	19	34	23
4	8	2021	2	8	26	29	24
4	12	2021	1	5	10	19	20
4	15	2021	3	9	21	22	22
4	19	2021	13	14	17	30	25
4	22	2021	16	20	25	27	4
4	26	2021	6	13	18	29	26
4	29	2021	3	9	10	11	30
5	3	2021	1	11	12	27	20
5	6	2021	2	10	15	16	12
5	10	2021	5	17	21	32	10
5	13	2021	9	16	23	33	34
5	17	2021	7	13	20	28	25
5	20	2021	4	11	15	20	5
5	24	2021	4	8	18	32	10
5	27	2021	2	13	24	35	19
5	31	2021	5	11	15	35	29
6	3	2021	9	10	16	35	15
6	7	2021	21	31	32	35	35
6	10	2021	11	13	25	34	21
6	14	2021	11	20	21	29	9
6	17	2021	11	30	31	35	32
6	21	2021	12	23	24	34	11
6	24	2021	8	25	27	31	9
6	28	2021	2	23	24	30	6
7	1	2021	10	14	27	30	24
7	5	2021	1	9	23	31	14
7	8	2021	3	14	28	29	8
7	12	2021	3	13	20	25	6
7	15	2021	12	18	29	30	31
7	19	2021	9	16	25	27	20
7	22	2021	4	12	27	28	20
7	26	2021	14	26	32	34	18
7	29	2021	2	7	29	33	3
8	2	2021	5	6	8	16	14
8	5	2021	1	6	8	30	30
8	9	2021	5	13	16	24	15
8	12	2021	22	26	28	32	16
8	16	2021	16	21	26	32	19
8	19	2021	1	17	23	34	12
8	23	2021	1	2	4	29	31
8	26	2021	3	4	12	32	18
8	30	2021	4	9	13	33	19
9	2	2021	19	21	25	30	2
9	6	2021	7	13	16	21	11
9	9	2021	1	4	23	32	26
9	13	2021	7	23	26	33	3
9	16	2021	1	8	12	13	27
9	20	2021	21	25	28	30	22
9	23	2021	4	21	26	34	26
9	27	2021	4	8	25	31	24
9	30	2021	2	9	25	30	26
10	4	2021	11	21	22	28	32
10	7	2021	2	16	19	35	22
10	11	2021	4	19	20	30	27
10	14	2021	1	15	26	28	35
10	18	2021	5	17	20	32	28
10	21	2021	4	8	13	30	27
10	25	2021	8	10	12	30	32
10	28	2021	12	18	30	35	5
11	1	2021	3	13	19	34	24
11	4	2021	12	17	28	32	25
11	8	2021	4	17	27	32	2
11	11	2021	2	7	20	24	30
11	15	2021	3	4	19	34	7
11	18	2021	6	14	17	26	30
11	22	2021	8	12	27	29	23
11	25	2021	2	5	21	26	24
11	29	2021	1	22	26	29	25
12	2	2021	4	9	22	25	1
12	6	2021	5	13	31	33	34
12	9	2021	4	7	10	14	4
12	13	2021	1	4	24	28	25
12	16	2021	1	28	31	32	22
12	20	2021	17	21	24	34	11
12	23	2021	3	13	21	34	15
12	27	2021	13	20	31	33	28
12	30	2021	3	13	28	35	2
1	3	2022	2	21	29	33	21
1	6	2022	2	16	24	28	13
1	10	2022	16	21	22	33	9
1	13	2022	17	18	23	25	15
1	17	2022	4	5	14	35	5
1	20	2022	1	5	15	28	6
1	24	2022	4	13	16	32	29
1	27	2022	2	4	15	30	6
1	31	2022	6	14	30	33	12
2	3	2022	18	21	24	28	11
2	7	2022	1	17	23	29	32
2	10	2022	13	16	17	21	32
2	14	2022	7	10	24	26	25
2	17	2022	9	30	32	34	14
2	21	2022	2	25	26	28	5
2	24	2022	9	20	26	30	13
2	28	2022	15	17	28	29	22
3	3	2022	4	17	22	35	2
3	7	2022	8	17	31	33	13
3	10	2022	12	17	28	31	31
3	14	2022	3	11	15	26	33
3	17	2022	13	27	33	35	11
3	21	2022	7	24	26	34	22
3	24	2022	8	13	18	35	15
3	28	2022	7	8	23	31	33
3	31	2022	15	17	26	28	10
4	4	2022	18	22	27	30	1
4	7	2022	5	12	23	25	13
4	11	2022	11	15	32	33	32
4	14	2022	10	14	26	29	31
4	18	2022	10	20	24	30	10
4	21	2022	7	8	25	33	29
4	25	2022	9	14	22	34	33
4	28	2022	6	16	22	29	26
5	2	2022	12	15	16	35	28
5	5	2022	15	26	33	35	14
5	9	2022	16	17	22	33	28
5	12	2022	7	9	19	21	33
5	16	2022	4	13	22	32	15
5	19	2022	12	21	22	25	1
5	23	2022	12	19	30	32	30
5	26	2022	5	12	34	35	18
5	30	2022	6	8	24	29	24
6	2	2022	2	9	12	32	3
6	6	2022	2	8	20	35	8
6	9	2022	8	15	18	24	18
6	13	2022	1	3	14	23	7
6	16	2022	1	5	6	19	35
6	20	2022	15	29	34	35	18
6	23	2022	14	15	22	26	24
